function cmap = cmap_agu()
cmap = [65,2,0;
        66,2,1;
        68,2,2;
        70,3,3;
        71,3,3;
        73,4,4;
        74,4,5;
        76,5,6;
        77,5,7;
        79,6,8;
        80,6,8;
        82,6,9;
        84,7,10;
        85,7,11;
        87,8,12;
        88,8,13;
        90,9,13;
        91,9,14;
        93,10,15;
        94,10,16;
        96,11,17;
        97,11,18;
        99,11,18;
        101,12,19;
        102,12,20;
        104,13,21;
        105,13,22;
        107,14,23;
        108,14,23;
        110,15,24;
        111,15,25;
        113,15,26;
        115,16,27;
        116,16,28;
        118,17,28;
        119,17,29;
        121,18,30;
        122,18,31;
        124,19,32;
        125,19,33;
        127,19,33;
        129,20,34;
        130,20,35;
        132,21,36;
        133,21,37;
        135,22,38;
        136,22,38;
        138,23,39;
        139,23,40;
        141,24,41;
        142,24,42;
        144,24,43;
        146,25,43;
        147,25,44;
        149,26,45;
        150,26,46;
        152,27,47;
        153,27,48;
        155,28,49;
        156,28,49;
        158,28,50;
        160,29,51;
        161,29,52;
        163,30,53;
        164,30,54;
        163,31,55;
        162,31,57;
        162,31,59;
        161,32,61;
        161,32,62;
        160,32,64;
        159,33,66;
        159,33,67;
        158,33,69;
        158,34,71;
        157,34,72;
        156,34,74;
        156,35,76;
        155,35,78;
        155,35,79;
        154,36,81;
        153,36,83;
        153,36,84;
        152,37,86;
        152,37,88;
        151,37,89;
        150,38,91;
        150,38,93;
        149,38,94;
        149,39,96;
        148,39,98;
        147,39,100;
        147,40,101;
        146,40,103;
        145,40,105;
        145,41,106;
        144,41,108;
        144,41,110;
        143,42,111;
        142,42,113;
        142,42,115;
        141,43,117;
        141,43,118;
        140,43,120;
        139,44,122;
        139,44,123;
        138,44,125;
        138,45,127;
        137,45,128;
        136,45,130;
        136,46,132;
        135,46,133;
        135,47,135;
        134,47,137;
        133,47,139;
        133,48,140;
        132,48,142;
        132,48,144;
        131,49,145;
        130,49,147;
        130,49,149;
        129,50,150;
        129,50,152;
        128,50,154;
        127,51,156;
        127,51,157;
        126,51,159;
        125,52,161;
        125,53,162;
        123,54,163;
        122,56,163;
        121,57,164;
        120,59,165;
        119,60,165;
        117,62,166;
        116,63,167;
        115,65,167;
        114,66,168;
        113,68,169;
        112,69,169;
        110,71,170;
        109,72,171;
        108,74,172;
        107,75,172;
        106,77,173;
        104,78,174;
        103,80,174;
        102,81,175;
        101,83,176;
        100,84,176;
        98,86,177;
        97,87,178;
        96,89,178;
        95,90,179;
        94,92,180;
        93,93,180;
        91,95,181;
        90,96,182;
        89,98,183;
        88,99,183;
        87,101,184;
        85,102,185;
        84,104,185;
        83,105,186;
        82,107,187;
        81,108,187;
        79,110,188;
        78,111,189;
        77,113,189;
        76,114,190;
        75,116,191;
        74,117,192;
        72,119,192;
        71,120,193;
        70,122,194;
        69,123,194;
        68,125,195;
        66,126,196;
        65,128,196;
        64,129,197;
        63,131,198;
        62,132,198;
        60,134,199;
        59,135,200;
        58,137,201;
        57,138,201;
        56,140,202;
        55,141,203;
        53,143,203;
        52,144,204;
        51,146,205;
        50,147,205;
        51,148,206;
        54,150,206;
        57,151,206;
        59,152,206;
        62,153,207;
        65,154,207;
        68,155,207;
        70,156,207;
        73,158,208;
        76,159,208;
        78,160,208;
        81,161,208;
        84,162,208;
        86,163,209;
        89,164,209;
        92,166,209;
        94,167,209;
        97,168,210;
        100,169,210;
        102,170,210;
        105,171,210;
        108,172,211;
        110,174,211;
        113,175,211;
        116,176,211;
        118,177,211;
        121,178,212;
        124,179,212;
        126,180,212;
        129,181,212;
        132,183,213;
        135,184,213;
        137,185,213;
        140,186,213;
        143,187,214;
        145,188,214;
        148,189,214;
        151,191,214;
        153,192,214;
        156,193,215;
        159,194,215;
        161,195,215;
        164,196,215;
        167,197,216;
        169,199,216;
        172,200,216;
        175,201,216;
        177,202,217;
        180,203,217;
        183,204,217;
        185,205,217;
        188,207,217;
        191,208,218;
        193,209,218;
        196,210,218;
        199,211,218;
        201,212,219;
        204,213,219;
        207,215,219;
        210,216,219;
        212,217,220;
        215,218,220;
        218,219,220;
        220,220,220]./255;
end